77 38 54 32 44 81 1 62 46 22 96 52 14 67 55 22 38 46 61 1 35 88 17 90 67 16 72 49 49 73 91 45 74 17 30 55 35 31 33 19 57 29 60 49 34 21 25 64
6 30 40 42 18 52 12 89 21 65 65 27 8 53 12 73 31 51 78 97 37 100 87 7 13 42 44 5 28 69 55 45 92 8 43 19 33 49 26 22 5 41 33 70 67 5 11 4
16 87 17 83 44 28 26 6 43 33 29 77 8 6 61 53 10 20 36 0 10 94 40 83 25 56 92 97 67 16 40 8 31 40 89 41 51 72 0 63 82 36 77 0 20 49 14 99
80 81 60 46 69 10 95 23 47 34 58 89 36 30 40 26 93 21 46 68 17 20 2 38 19 74 18 74 17 40 63 76 41 94 16 86 57 95 39 20 45 66 94 16 14 11 26 51
96 50 7 99 3 46 81 60 79 22 27 96 93 21 6 7 72 82 47 43 13 54 70 99 82 26 23 52 26 86 23 7 47 67 78 67 32 64 73 96 13 57 7 34 67 44 27 24
59 86 45 33 65 84 38 41 80 9 17 77 22 28 33 93 99 19 48 25 43 40 76 7 8 51 29 57 47 35 31 37 99 100 93 40 41 91 43 63 29 37 87 23 47 96 74 85
23 14 36 47 96 2 82 19 10 37 24 13 55 81 95 45 78 80 79 22 35 94 52 7 77 86 96 5 53 53 61 12 78 45 33 32 99 84 41 97 18 74 30 4 66 30 8 48
42 42 45 67 17 51 49 30 63 29 71 10 6 76 67 58 76 11 35 9 48 62 46 94 38 83 4 62 63 48 41 47 77 48 64 11 7 95 96 26 97 2 70 70 13 31 90 43
7 72 28 55 95 100 0 81 96 51 28 35 47 87 67 15 88 23 34 59 12 55 50 82 16 9 12 45 93 77 81 7 93 61 55 92 19 87 53 78 47 83 15 56 66 60 80 9
35 54 82 90 97 31 31 52 21 47 38 85 87 55 88 19 71 21 43 86 32 76 96 1 71 56 11 29 40 95 15 57 30 3 10 38 95 91 10 61 30 2 70 73 49 68 91 93
96 97 86 45 17 94 78 60 59 81 18 40 19 2 12 27 31 82 55 84 45 49 25 80 10 82 55 29 5 22 53 2 65 19 33 44 8 71 39 36 25 51 80 13 73 70 42 28
91 43 42 67 12 7 48 46 71 6 34 36 38 48 54 37 28 15 75 100 69 69 18 60 42 19 58 94 70 11 7 40 39 27 39 63 81 86 90 58 72 88 73 2 37 2 98 78
97 43 86 57 95 42 59 22 24 83 25 94 50 54 76 60 99 94 97 10 8 92 56 43 25 17 28 82 96 16 22 39 21 80 98 27 26 51 45 98 69 17 38 98 61 97 7 18
11 12 3 43 6 87 69 5 87 42 31 78 14 78 26 7 60 86 73 70 56 48 34 48 48 100 42 92 53 59 83 29 9 9 71 84 12 80 33 35 10 92 41 84 19 68 84 92
92 31 38 75 24 38 62 63 79 55 95 6 44 78 53 27 60 1 68 4 6 42 95 81 52 37 59 64 7 50 29 81 16 51 0 22 20 7 5 72 47 7 4 58 85 26 91 33
39 13 24 17 100 79 85 49 36 58 23 87 79 99 56 28 26 14 91 94 78 30 7 52 97 97 57 100 38 37 97 25 47 26 24 94 26 11 81 37 67 51 87 63 85 18 93 49
52 77 31 71 36 97 56 9 6 72 21 3 21 86 11 99 62 98 39 53 74 62 2 15 33 53 27 26 44 44 68 78 3 8 47 61 5 25 89 51 71 15 87 54 91 78 16 81
40 88 1 87 80 40 76 90 74 16 37 84 70 29 65 63 3 43 0 13 38 50 93 36 8 89 82 58 76 48 24 55 37 46 86 57 42 82 99 63 32 58 88 90 89 5 82 41
51 24 51 47 78 2 43 91 95 66 78 92 59 17 14 26 92 82 47 23 43 7 20 22 45 37 82 81 63 3 47 3 6 41 6 51 98 78 78 34 2 96 62 77 3 6 4 14
43 61 98 6 58 58 98 43 3 28 1 40 21 63 28 92 18 74 85 18 11 63 28 14 4 12 20 48 46 44 19 39 33 67 37 1 5 41 46 49 43 63 47 70 76 38 13 40
68 70 58 30 22 87 3 81 33 84 2 45 37 50 98 60 8 63 6 54 25 27 86 78 27 36 75 48 15 59 38 66 100 80 81 76 86 90 16 47 63 57 69 22 39 1 11 93
66 88 61 12 31 59 15 41 84 81 2 86 11 56 65 74 45 36 46 58 70 22 74 19 46 60 92 68 59 64 38 26 24 83 83 28 99 25 35 40 65 39 92 5 88 31 35 7
93 95 77 2 55 54 23 43 13 41 66 71 68 47 82 20 42 76 62 29 73 37 76 19 1 5 93 30 30 68 32 15 25 84 76 64 87 36 71 71 59 39 14 57 59 64 72 18
57 72 64 11 69 6 34 55 19 57 1 50 61 93 12 45 9 51 46 84 71 18 33 5 4 91 70 34 22 18 60 37 34 75 73 59 4 20 46 19 50 20 45 29 35 21 10 66
26 69 47 8 18 88 47 39 38 58 6 79 36 100 33 0 98 64 15 86 20 53 41 90 4 27 34 50 74 3 71 84 81 3 7 53 72 52 19 46 28 34 21 46 13 68 83 50
88 44 32 71 6 24 46 74 28 58 4 92 54 97 66 34 87 23 98 32 93 80 29 46 44 69 58 87 32 96 76 36 44 84 63 30 71 100 78 57 58 34 25 14 47 28 93 31
69 87 59 90 70 50 57 7 15 87 27 37 66 60 41 32 82 68 47 70 34 35 64 87 46 41 75 59 55 15 99 16 77 27 17 46 36 86 67 94 26 55 15 85 73 40 92 98
93 93 32 79 82 23 98 33 23 72 43 29 76 99 53 100 89 10 60 39 42 96 97 96 1 53 43 79 20 80 14 5 50 78 66 62 83 20 35 53 30 85 22 64 43 37 18 28
2 15 97 63 81 52 55 98 97 36 77 28 81 18 12 44 58 38 79 99 33 91 16 68 76 7 9 58 73 32 53 64 34 15 76 5 84 51 25 98 22 69 66 47 43 6 73 11
73 79 6 4 59 20 95 11 99 28 87 73 43 98 24 65 84 12 94 66 43 6 60 6 12 82 76 64 25 70 25 70 34 98 85 94 25 48 5 14 20 64 6 55 65 52 54 24
45 0 63 31 12 7 69 66 18 100 93 78 44 31 87 28 3 17 39 46 12 30 39 35 6 80 46 79 0 5 42 60 27 51 19 24 6 95 57 26 29 19 75 26 56 28 70 89
78 79 52 47 13 8 12 14 62 28 24 32 62 90 66 13 58 32 50 93 11 62 21 8 60 12 16 93 55 12 80 79 9 57 0 21 53 95 47 19 39 4 62 79 71 25 65 39
54 61 69 23 79 78 78 16 57 43 88 0 92 19 60 50 49 45 23 5 90 44 61 63 86 30 54 6 100 43 38 35 48 77 39 94 44 56 0 32 79 85 65 9 6 46 27 20
45 12 29 25 1 60 50 10 0 5 37 48 23 71 16 13 5 53 53 15 81 66 5 93 45 91 26 4 79 52 56 39 3 34 62 87 13 13 33 89 27 29 94 38 19 52 8 8
69 52 4 54 94 12 40 80 7 37 80 11 33 46 31 48 50 98 45 90 9 29 100 92 19 64 88 51 72 67 74 93 82 17 36 27 48 1 46 91 95 83 80 77 33 22 55 81
98 45 89 21 7 19 100 39 52 12 35 29 24 89 7 40 63 87 29 16 10 4 0 48 52 54 96 27 49 23 59 98 9 7 54 27 79 53 86 63 18 97 75 36 67 16 67 6
75 40 14 46 93 39 71 93 45 40 69 54 23 73 90 29 53 37 20 17 34 81 61 9 1 67 98 13 30 64 82 36 88 90 52 9 8 13 5 70 36 61 82 38 85 32 39 45
7 45 83 29 96 49 72 95 79 4 45 26 41 58 63 81 59 32 66 34 20 81 20 40 32 50 82 74 99 23 25 69 27 52 6 85 81 52 41 38 18 57 30 4 69 79 29 79
99 0 79 53 66 4 25 27 25 43 98 45 68 99 96 56 79 76 99 89 51 78 100 7 91 27 16 63 50 15 72 53 21 2 76 98 44 73 3 23 27 80 60 38 54 96 71 19
62 75 26 93 81 40 27 20 0 72 62 38 89 62 77 9 72 44 24 65 23 98 12 5 72 76 62 72 18 62 53 95 57 97 1 76 90 79 72 81 76 55 98 73 11 65 34 66
2 51 67 10 72 5 97 64 62 20 20 5 79 55 1 39 18 67 82 92 60 1 19 93 72 43 89 68 0 40 95 7 41 96 69 67 96 43 23 51 100 38 13 70 58 67 2 20
53 58 54 44 84 42 6 0 31 74 39 29 17 29 63 22 25 13 65 83 86 35 43 76 44 30 93 22 89 50 35 5 40 68 14 43 86 50 24 99 90 69 36 22 4 95 34 71
75 92 44 45 2 19 35 18 14 79 0 53 50 85 12 82 39 34 89 49 15 20 36 75 89 66 94 17 99 21 72 50 97 21 47 98 6 90 3 20 33 96 28 7 49 72 48 5
57 55 84 71 5 85 55 54 55 69 56 36 26 17 20 94 7 51 56 28 37 14 75 49 30 68 15 20 93 29 25 17 17 89 61 44 38 1 44 11 67 93 43 37 34 67 95 16
75 35 100 99 15 19 68 42 80 34 40 37 70 35 62 25 43 39 18 37 57 76 55 6 7 45 62 45 72 38 14 64 73 100 45 58 29 27 2 99 21 18 65 3 62 6 42 31
30 17 94 96 49 58 60 100 80 94 91 70 58 23 71 41 20 76 64 71 91 4 97 16 37 20 16 38 11 51 45 0 3 30 14 55 44 19 15 15 39 45 78 36 36 32 41 98
48 23 84 86 43 71 41 26 21 78 58 28 41 21 88 28 49 91 67 27 9 15 97 0 61 48 31 45 27 60 80 4 80 18 90 88 68 59 58 32 89 88 34 67 61 87 75 17
58 49 87 46 65 13 89 32 26 84 25 95 40 97 100 61 98 53 49 22 32 100 61 90 33 34 38 21 82 30 39 74 74 13 88 78 74 34 40 66 29 57 62 85 34 63 93 93
89 74 69 8 37 52 86 58 89 98 12 30 76 68 51 97 44 51 20 26 9 21 88 64 13 84 93 75 38 77 56 70 42 46 32 8 61 31 36 22 28 29 90 76 22 9 90 62
6 66 40 83 42 66 83 68 87 4 95 54 59 10 19 12 42 42 89 30 35 43 35 13 14 99 99 80 32 11 42 3 95 31 69 73 36 73 28 76 63 65 22 56 36 83 63 17
10 78 34 80 21 60 26 63 30 26 69 43 68 2 35 76 63 91 60 28 42 47 76 69 14 12 67 71 21 79 77 32 36 82 70 55 77 63 83 34 4 5 42 10 4 85 8 61
29 47 94 46 23 35 75 63 1 65 66 9 93 56 42 52 49 36 7 86 32 81 99 0 8 25 23 36 4 66 65 30 3 6 41 75 85 31 8 0 7 6 53 11 97 74 42 49
63 91 61 68 77 23 28 49 48 94 37 99 12 38 59 36 0 36 5 87 14 68 67 17 28 6 79 26 27 88 3 35 84 74 74 13 4 98 53 81 79 93 26 92 95 10 89 69
48 17 11 61 68 55 35 96 24 43 39 71 44 1 22 61 90 2 14 38 65 45 31 2 83 25 7 22 42 75 23 17 17 9 78 9 76 42 67 28 38 79 90 62 58 83 36 77
70 66 2 92 96 50 4 2 87 8 79 43 48 13 53 49 20 22 53 35 24 12 85 47 35 87 0 87 55 70 45 0 89 31 52 77 73 32 22 68 5 75 23 67 64 24 81 25