77 6 16 80 96 59 23 42 7 35 96 91 97 11 92 39 52 40 51 43 68 66 93 57 26 88 69 93 2 73 45 78 54 45 69 98 75 7 99 62 2 53 75 57 75 30 48 58 89 6 10 29 63 48 70
38 30 87 81 50 86 14 42 72 54 97 43 43 12 31 13 77 88 24 61 70 88 95 72 69 44 87 93 15 79 0 79 61 12 52 45 40 45 0 75 51 58 92 55 35 17 23 49 74 66 78 47 91 17 66
54 40 17 60 7 45 36 45 28 82 86 42 86 3 38 24 31 1 51 98 58 61 77 64 47 32 59 32 97 6 63 52 69 29 4 89 14 83 79 26 67 54 44 84 100 94 84 87 69 40 34 94 61 11 2
32 42 83 46 99 33 47 67 55 90 45 67 57 43 75 17 71 87 47 6 30 12 2 11 8 71 90 79 63 4 31 47 23 25 54 21 46 29 53 93 10 44 45 71 99 96 86 46 8 83 80 46 68 61 92
44 18 44 69 3 65 96 17 95 97 17 12 95 6 24 100 36 80 78 58 22 31 55 69 18 6 70 82 81 59 12 13 79 1 94 7 93 96 66 81 72 84 2 5 15 49 43 65 37 42 21 23 77 68 96
81 52 28 10 46 84 2 51 100 31 94 7 42 87 38 79 97 40 2 58 87 59 54 6 88 24 50 23 52 20 7 8 78 60 12 19 39 49 4 40 5 42 19 85 19 58 71 13 52 66 60 35 23 55 50
1 12 26 95 81 38 82 49 0 31 78 48 59 69 62 85 56 76 43 98 3 15 23 34 47 46 57 98 55 95 69 12 78 50 40 100 71 72 25 27 97 6 35 55 68 60 41 89 86 83 26 75 28 35 4
62 89 6 23 60 41 19 30 81 52 60 46 22 5 63 49 9 90 91 43 81 41 43 55 39 74 7 33 98 11 66 14 16 10 80 39 93 95 27 20 64 0 18 54 42 100 26 32 58 68 63 63 49 96 2
46 21 43 47 79 80 10 63 96 21 59 71 24 87 79 36 6 74 95 3 33 84 13 19 38 28 15 23 97 99 18 62 57 0 7 52 45 79 25 0 62 31 14 55 80 80 21 26 89 87 30 1 48 24 87
22 65 33 34 22 9 37 29 51 47 81 6 83 42 55 58 72 16 66 28 84 81 41 57 58 58 87 72 36 28 100 28 43 5 37 12 40 4 43 72 20 74 79 69 34 94 78 84 98 4 26 65 94 43 8
96 65 29 58 27 17 24 71 28 38 18 34 25 31 95 23 21 37 78 1 2 2 66 1 6 4 27 43 77 87 93 24 88 37 80 35 69 45 98 62 20 39 0 56 40 91 58 25 12 95 69 66 37 39 79
52 27 77 89 96 77 13 10 35 85 40 36 94 78 6 87 3 84 92 40 45 86 71 50 79 92 37 29 28 73 78 32 0 48 11 29 54 26 45 38 5 29 53 36 37 70 28 95 30 54 43 9 99 71 43
14 8 8 36 93 22 55 6 47 87 19 38 50 14 44 79 21 70 59 21 37 11 68 61 36 54 66 76 81 43 44 62 92 23 33 24 23 41 68 89 79 17 50 26 70 58 41 40 76 59 68 93 12 44 48
67 53 6 30 21 28 81 76 87 55 2 48 54 78 78 99 86 29 17 63 50 56 47 93 100 97 60 99 18 98 31 90 19 71 46 89 73 58 99 62 55 29 85 17 35 23 21 97 68 10 2 56 38 1 13
55 12 61 40 6 33 95 67 67 88 12 54 76 26 53 56 11 65 14 28 98 65 82 12 33 66 41 53 12 24 87 66 60 16 31 7 90 63 96 77 1 63 12 20 62 71 88 100 51 19 35 42 59 22 53
22 73 53 26 7 93 45 58 15 19 27 37 60 7 27 28 99 63 26 92 60 74 20 45 0 34 32 100 44 65 28 13 50 13 48 40 29 81 56 9 39 22 82 94 25 41 28 61 97 12 76 52 36 61 49
38 31 10 93 72 99 78 76 88 71 31 28 99 60 60 26 62 3 92 18 8 45 42 9 98 87 82 89 58 84 3 58 49 5 50 63 53 59 79 72 18 25 39 7 43 20 49 98 44 42 63 49 0 90 20
46 51 20 21 82 19 80 11 23 21 82 15 94 86 1 14 98 43 82 74 63 36 76 51 64 23 68 10 38 12 17 32 45 53 98 87 37 32 76 44 67 13 34 51 39 76 91 53 51 42 91 36 36 2 22
61 78 36 46 47 48 79 35 34 43 55 75 97 73 68 91 39 0 47 85 6 46 62 46 15 98 47 60 79 94 39 50 23 53 45 29 20 66 99 24 82 65 89 56 18 64 67 49 20 89 60 7 5 14 53
1 97 0 68 43 25 22 9 59 86 84 100 10 70 4 94 53 13 23 18 54 58 29 84 86 32 70 39 99 66 46 93 5 15 90 16 17 34 89 65 92 83 49 28 37 71 27 22 26 30 28 86 87 38 35
35 37 10 17 13 43 35 48 12 32 45 69 8 56 6 78 74 38 43 11 25 70 73 71 20 93 34 42 33 43 12 11 90 81 9 10 34 20 51 23 60 86 15 37 57 91 9 32 9 35 42 32 14 65 24
88 100 94 20 54 40 94 62 55 76 49 69 92 48 42 30 62 50 7 63 27 22 37 18 53 80 35 96 91 6 30 62 44 66 29 4 81 81 78 98 1 35 20 14 76 4 15 100 21 43 47 81 68 45 12
17 87 40 2 70 76 52 46 50 96 25 18 56 34 95 7 2 93 20 28 86 74 76 33 41 29 64 97 16 60 39 21 61 5 100 0 61 20 100 12 19 43 36 75 55 97 97 61 88 35 76 99 67 31 85
90 7 83 38 99 7 7 94 82 1 80 60 43 48 81 52 15 36 22 14 78 19 19 5 90 46 87 96 68 6 35 8 63 93 92 48 9 40 7 5 93 76 75 49 6 16 0 90 64 13 69 0 17 2 47
67 13 25 19 82 8 77 38 16 71 10 42 25 48 52 97 33 8 45 4 27 46 1 4 4 44 46 1 76 12 6 60 86 45 19 52 1 32 91 72 72 44 89 30 7 37 61 33 13 14 14 8 28 83 35
16 42 56 74 26 51 86 83 9 56 82 19 17 100 37 97 53 89 37 12 36 60 5 91 27 69 41 53 7 82 80 12 30 91 64 54 67 50 27 76 43 30 66 68 45 20 48 34 84 99 12 25 6 25 87
72 44 92 18 23 29 96 4 12 11 55 58 28 42 59 57 27 82 82 20 75 92 93 70 34 58 75 43 9 76 46 16 54 26 88 96 98 82 16 62 89 93 94 15 62 16 31 38 93 99 67 23 79 7 0
49 5 97 74 52 57 5 62 45 29 29 94 82 92 64 100 26 58 81 48 48 68 30 34 50 87 59 79 58 64 79 93 6 4 51 27 13 74 63 72 68 22 17 20 45 38 45 21 75 80 71 36 26 22 87
49 28 67 17 26 47 53 63 93 40 5 70 96 53 7 38 44 76 63 46 15 59 30 22 74 32 55 20 73 25 0 55 100 79 72 49 30 99 50 18 0 89 99 93 72 11 27 82 38 32 21 4 27 42 55
73 69 16 40 86 35 53 48 77 95 22 11 16 59 50 37 44 48 3 44 59 64 68 18 3 96 15 80 32 70 5 12 43 52 67 23 64 23 15 62 40 50 21 29 38 51 60 30 77 11 79 66 88 75 70
91 55 40 63 23 31 61 41 81 15 53 7 22 83 29 97 68 24 47 19 38 38 32 60 71 76 99 14 53 25 42 80 38 56 74 59 82 25 72 53 95 35 72 25 14 45 80 39 56 42 77 65 3 23 45
45 45 8 76 7 37 12 47 7 57 2 40 39 29 81 25 78 55 3 39 66 26 15 37 84 36 16 5 64 70 60 79 35 39 93 98 36 69 53 95 7 5 50 17 64 0 4 74 70 3 32 30 35 17 0
74 92 31 41 47 99 78 77 93 30 65 39 21 9 16 47 3 37 6 33 100 24 25 34 81 44 77 50 34 34 27 9 48 3 82 9 88 27 21 57 41 40 97 17 73 3 80 74 42 95 36 3 84 17 89
17 8 40 94 67 100 45 48 61 3 19 27 80 9 51 26 8 46 41 67 80 83 84 75 3 84 27 78 15 98 51 57 77 34 17 7 90 52 2 97 96 68 21 89 100 30 18 13 46 31 82 6 74 9 31
30 43 89 16 78 93 33 64 55 10 33 39 98 71 0 24 47 86 6 37 81 83 76 73 7 63 17 66 76 85 19 0 39 62 36 54 52 6 76 1 69 14 47 61 45 14 90 88 32 69 70 41 74 78 52
55 19 41 86 67 40 32 11 92 38 44 63 27 84 22 94 61 57 51 1 76 28 64 59 53 30 46 62 5 94 24 21 94 87 27 27 9 85 98 76 67 43 98 44 58 55 88 78 8 73 55 75 13 9 77
35 33 51 57 32 41 99 7 19 95 8 81 26 12 20 26 5 42 98 5 86 99 87 4 72 71 36 83 84 25 6 53 44 13 48 79 8 81 44 90 96 86 6 38 29 44 68 74 61 36 77 85 4 76 73
31 49 72 95 64 91 84 95 87 91 71 86 51 80 7 11 25 82 78 41 90 25 36 20 52 100 86 20 51 48 95 95 56 13 1 53 13 52 73 79 43 50 90 1 27 19 59 34 31 73 63 31 98 42 32
33 26 0 39 73 43 41 96 53 10 39 90 45 33 5 81 89 99 78 46 16 35 71 46 19 78 67 35 25 5 57 47 0 33 46 86 5 41 3 72 23 24 3 44 2 15 58 40 36 28 83 8 53 67 22
19 22 63 20 96 63 97 26 78 61 36 58 98 35 72 37 51 63 34 49 47 40 71 19 46 57 94 53 98 14 26 19 32 89 91 63 70 38 23 81 51 99 20 11 99 15 32 66 22 76 34 0 81 28 68
57 5 82 45 13 29 18 97 47 30 25 72 69 10 47 67 71 32 2 43 63 65 59 50 28 58 26 30 22 20 29 39 79 27 95 18 36 18 27 76 100 90 33 67 21 39 89 29 28 63 4 7 79 38 5
29 41 36 66 57 37 74 2 83 2 51 88 17 92 7 51 15 58 96 63 57 39 39 20 34 34 55 85 69 64 19 4 85 29 83 97 61 57 80 55 38 69 96 93 18 45 88 57 29 65 5 6 93 79 75
60 33 77 94 7 87 30 70 15 70 80 73 38 41 4 87 87 88 62 47 69 92 14 45 21 25 15 22 66 6 75 62 65 94 80 75 82 30 60 98 13 36 28 43 65 78 34 62 90 22 42 53 26 90 23
49 70 0 16 34 23 4 70 56 73 13 2 98 84 58 63 54 90 77 70 22 5 57 29 46 14 85 64 47 55 26 79 9 38 77 36 38 4 38 73 70 22 7 37 3 36 67 85 76 56 10 11 92 62 67
34 67 20 14 67 47 66 13 66 49 73 37 61 19 85 85 91 89 3 76 39 88 59 35 13 47 73 43 43 65 56 71 6 19 33 67 85 69 54 11 58 4 49 34 62 36 61 34 22 36 4 97 95 58 64
21 5 49 11 44 96 30 31 60 68 70 2 97 68 26 18 78 5 6 38 1 31 64 21 68 28 40 37 6 52 28 25 46 52 22 16 32 79 96 65 67 95 72 67 6 32 87 63 9 83 85 74 10 83 24
25 11 14 26 27 74 8 90 80 91 42 98 7 84 91 93 16 82 4 13 11 35 72 10 83 93 92 18 73 54 70 65 27 8 55 67 39 29 71 34 2 34 48 95 42 41 75 93 90 63 8 42 89 36 81
64 4 99 51 24 85 48 43 9 93 28 78 18 92 33 49 81 41 14 40 93 7 18 66 50 31 98 28 11 24 89 39 20 8 81 6 45 79 19 66 20 71 5 16 31 98 17 93 62 17 61 49 69 77 25
